25
-6.689093723367e-17 0.000000000000e+00
2.070912885621e-16 -3.078625958366e-01
-1.945665850656e-16 1.392185588975e-01
2.374836438612e-17 -7.841132880780e-02
1.085243006571e-16 4.632469997106e-02
-1.082467449010e-16 -2.714371637884e-02
1.859623566247e-17 1.534409830487e-02
4.208439152720e-17 -8.217909893393e-03
-4.440892098501e-17 4.107119760690e-03
-2.525757381022e-17 -1.885469837262e-03
-4.829470157119e-17 7.796207954152e-04
5.967448757360e-17 -2.821494030521e-04
5.218048215738e-17 8.502045350971e-05
-1.438432706280e-16 -1.904381272352e-05
-3.441691376338e-17 1.955327257209e-06
7.951972413878e-17 6.059635912051e-07
-1.670885652061e-16 -3.233437045926e-07
1.364186541508e-16 3.188100072853e-08
2.137179322403e-17 2.572697405112e-08
-2.529920717365e-16 -9.811813990468e-09
3.858025010572e-17 -1.258193476489e-09
8.229528170034e-17 1.704301981199e-09
-2.206568261442e-16 -1.285522356967e-10
1.332267629550e-16 -2.757124392618e-10
-6.383782391595e-18 7.211314011213e-11
2.456368441983e-17 4.426391086890e-11
