29
3.222093706013e+00 0.000000000000e+00
-3.847497325992e+00 -3.036911315182e+00
1.613269565467e+00 2.561562635536e+00
-7.142688329459e-01 -1.718044084361e+00
3.343375256712e-01 1.087677253934e+00
-1.590083748525e-01 -6.591856314553e-01
7.444125399842e-02 3.797240558554e-01
-3.347789249240e-02 -2.057416664390e-01
1.415639337190e-02 1.036151378646e-01
-5.504078824289e-03 -4.782261609566e-02
1.912943397918e-03 1.985252654576e-02
-5.690043709362e-04 -7.207032810727e-03
1.328669037822e-04 2.177453328757e-03
-1.854630094550e-05 -4.890711403220e-04
-1.453596732859e-06 5.053417952833e-05
1.572743922262e-06 1.548627313317e-05
-2.838788709181e-07 -8.312159353832e-06
-7.562004956940e-08 8.274522508133e-07
4.633880680387e-08 6.598799631857e-07
-5.869467412101e-10 -2.528773346321e-07
-6.055031566421e-09 -3.204665662698e-08
1.190783888161e-09 4.385916878681e-08
7.747582545133e-10 -3.358504294115e-09
-3.348892690935e-10 -7.088429287982e-09
-9.585399054352e-11 1.863929871559e-09
8.204146390023e-11 1.136804343802e-09
9.573941899682e-12 -5.803840255614e-10
-2.013818972690e-11 -1.764939479287e-10
1.533040187851e-13 1.657178907988e-10
5.134323521894e-12 2.323787581630e-11
