44
1.970461314322e+00 0.000000000000e+00
-1.593875111273e+00 -2.423646025475e+00
-5.332570094236e-02 1.043627310063e+00
-1.570391974449e-01 -5.402873054677e-01
-3.940694771457e-02 2.819289867863e-01
-4.716127625363e-02 -1.391268773786e-01
-2.418730432251e-02 6.233923043025e-02
-1.941167643365e-02 -2.432937320475e-02
-1.260556521786e-02 7.763676253796e-03
-8.664960605021e-03 -1.754420766855e-03
-5.704614002479e-03 1.292565051534e-04
-3.651093482904e-03 8.792842531399e-05
-2.270560959509e-03 -3.329062052015e-05
-1.367226398367e-03 -2.302378982580e-06
-7.979823621962e-04 4.854603433774e-06
-4.528446723700e-04 -5.500080713671e-07
-2.508556888546e-04 -7.491453056646e-07
-1.363438350097e-04 2.239517241233e-07
-7.312414261638e-05 1.280298946860e-07
-3.885704183314e-05 -6.935818435338e-08
-2.045210744808e-05 -2.372215028579e-08
-1.059289000752e-05 2.148573735963e-08
-5.323541994507e-06 4.532466957308e-09
-2.534606159357e-06 -7.005649868379e-09
-1.095525020071e-06 -8.007947707722e-10
-3.890401084408e-07 2.430954434496e-09
-7.123273537061e-08 8.161443049159e-11
5.044242802621e-08 -8.975149646921e-10
8.120772961289e-08 3.455961905541e-11
7.542928368715e-08 3.512492108152e-10
5.884712616061e-08 -3.699939660207e-11
4.212943410103e-08 -1.450199807245e-10
2.870135674255e-08 2.446543662105e-11
1.893829504329e-08 6.286847323116e-11
1.220565836477e-08 -1.443831859627e-11
7.712072154498e-09 -2.849185102259e-11
4.784403550098e-09 8.229923686986e-12
2.915358732203e-09 1.344066297062e-11
1.744536184240e-09 -4.655373309070e-12
1.025253257292e-09 -6.579332131190e-12
5.922139609217e-10 2.655362041359e-12
3.364076621437e-10 3.327796968110e-12
1.878152045237e-10 -1.529273235823e-12
1.029586971235e-10 -1.737237252924e-12
5.538532214236e-11 8.929038064487e-13
