34
2.500000000000e-01 0.000000000000e+00
1.276756478319e-15 -2.986114677117e-01
-2.711798613355e-15 -1.305833657358e-03
2.012279232133e-15 -6.069910606535e-02
-3.874233833051e-17 -3.496972005070e-03
-5.065392549852e-16 -1.436915534313e-02
-4.025501720156e-16 -3.090757902275e-03
6.661338147751e-16 -3.011048528323e-03
9.549219054383e-17 -1.395169741000e-03
-4.406197628981e-16 -7.358936474771e-04
-2.137022113088e-16 -4.185575122752e-04
4.614364446098e-16 -2.239585471946e-04
4.897883314203e-19 -1.182545527493e-04
-4.024558464266e-16 -6.447113701542e-05
-1.695114860110e-16 -3.521198006050e-05
3.903127820948e-16 -1.881494613389e-05
1.909467050622e-16 -1.006822281208e-05
-9.540979117872e-17 -5.490602888772e-06
-6.585471100731e-17 -2.983401096265e-06
1.040834085586e-16 -1.590510122180e-06
1.641151407480e-16 -8.526983863427e-07
-6.938893903907e-17 -4.673955051855e-07
-1.931861246494e-16 -2.539297722240e-07
3.035766082959e-16 -1.341034123884e-07
7.532874064103e-17 -7.180768169489e-08
-1.049507702966e-16 -4.002071006315e-08
-8.495889538759e-17 -2.179193493192e-08
1.587271980519e-16 -1.117364778916e-08
5.298577332100e-17 -5.959189144748e-09
-3.009745230820e-16 -3.501207830137e-09
-9.186228167035e-17 -1.915294608676e-09
2.055647319033e-16 -8.879601871852e-10
4.123369939761e-16 -4.698662414010e-10
-3.139849491518e-16 -3.309931637583e-10
5.506066522859e-17 -1.816820400721e-10
